//insertion
0.092
0.320
1.452
5.031
19.882
81.552
331.228
1293.804
5303.919
23053.204

0.002
0.044
0.072
0.197
0.222
0.519
1.144
2.499
4.337
9.661



0.178
0.593
2.349
9.690
41.206
156.235
613.718
2901.973
11846.081
46555.566

//selection

0.162
0.530
1.882 
10.259
26.082
105.449
408.398
1614.933
6536.187
25511.672


2.324
1.160
5.994
8.797
33.924
133.323
535.778
2159.880
8421.425
34212.804


2.569
2.436
9.330
26.690
102.086
403.037
1628.929
7051.500
29305.611
132879.008

//merge

0.860
0.445
0.867
1.831
4.041
7.435
12.003
24.265
38.659
67.629

0.833
0.337
0.413
0.897
1.395
2.616
5.052
10.386
14.844
28.230

0.909
0.342
0.595
1.033
1.968
2.949
5.442
10.780
15.490
32.123

//quick with lomuto 

0.528
0.477
0.981
0.949
1.916
6.636
22.885
84.040
318.451
1194.432


4.800
0.496
1.910
7.531
29.695
124.402
459.043
2073.013
9795.549
34582.113


2.193
4.350
2.816
8.538
34.376
70.316
666.026
1481.521
1743.252
21363.831

//heap 

0.121
0.217
0.511
1.063
2.008
3.221
6.346
12.050
23.259
49.169


0.041
0.174
0.327
0.682
1.304
2.232
5.432
8.373
11.108
20.179


0.096
0.176
0.339
0.679
1.343
2.348
5.351
8.890
11.875
20.987

//quick wit hoare

0.161
0.281
0.320
0.729
0.952
1.448
2.789
5.680
11.944
23.796


0.195
0.213
0.357
0.772
1.702
3.769
8.492
23.684
45.832
98.870


0.327
0.643
0.935
1.143
1.711
2.641
5.028
12.380
29.295
62.150
